function [mu1,mu2,k1,k2,w1,w2,kw1,kw2,gamma1,gamma2,Kb1,Kb2,kb1,kb2,Kab,D,s0,phi,v1,km,Cn,Cb,Ca] = Para_bio
P = [0.521037817497350
0.400401019078310
0.973650780801119
0.759894964403736
1.37392086416951e-07
1.40489326531218e-07
9.16977874235032e-16
8.73756104959428e-16
8.21760899788083e-08
8.56354571610828e-09
1.00028329314602e-22];
mu1 = P(1); %0.4-3
mu2 = P(2); %0.4-3
k1 = 3.9e-5;
k2 = 3.9e-5;
w1 = P(3);% 0.5-2
w2 = P(4);% 0.5-2
kw1 = P(5); %1e-7-1e-6
kw2 = P(6); %1e-7-1e-6
gamma1 = 1e11;
gamma2 = 1e11;
Kb1 = P(7);%1e-22-1e-15 (needs to be high)
Kb2 = P(8);%1e-22-1e-15 (needs to be high)
kb1 = P(9);%1e-9-1e-6
kb2 = 25*P(10);%1e-9-1e-6
Kab = 0.1*P(11);%1e-22-1e-15
D = 0.1;%0.01-0.2 (should be set low)
s0 = 0.02;
phi = (1/mu1)*0.72;
v1 = 1.13;
km = 11.29;
Cn = 1e9;
Cb = 1e-9;
Ca = 1e-9;
end