function x0 = X0_bio
x0 = [0.329084846318298	1.29978615387974	1.58597993828600e-05	7.51447241806223	2.95373635899580	3.29178584787872e-05	0.00157740341784177	0.246044205263375];%[0.5 0.3 0.02 1e-81 1e-81 1e-10 0 0];
end