function x0 = X0_osc
%x0 = [0.1 0 0 0 0 0];
x0 = [3.73561376699436	2.77010000296691	2.04361388654570	2.77072052260553	14.0523917308742	14.9697307048974];
end